12435
1182276
54321
543265432
12345533
1240101202002
1248302223
654332
564321
6543113
187833793
1728345
38749208012
2342567777774
0987654321
1234532
100001
168
12345
7654321
0987654321
324423
43
43
333333
6543
76544
54566
678899
12344442757
87678987
102930
099999999999
099999999999
099999999999
123478
09832
657645
8765678
98765432
16801012020
16801012021
12301012020
0308
0308
03081
1001
9090
0000
5
6
43
345
1111
1111
876789
45
45
45
34
52
456
398
398
987
7678
5456
4532
98
453
3984
456
4543
6787
909
69420
42069
123400
787
875893
312
5556
46723
669420
33333333
222222
5545121
342123
2321
654
765
45323